[18.02.2022 17:20:52,2.8700,7099,2.8600,12015,2.8500,8382,2.8400,6087,2.8300,4807,2.8800,122,2.8900,10185,2.9000,10029,2.9100,9412,2.9200,9466]
[18.02.2022 17:20:52,2.8700,7099,2.8600,12015,2.8500,8382,2.8400,6087,2.8300,4807,2.8800,122,2.8900,10185,2.9000,10029,2.9100,9412,2.9200,9466]
[18.02.2022 17:20:52,2.8700,7099,2.8600,12015,2.8500,8382,2.8400,6087,2.8300,4807,2.8800,122,2.8900,10185,2.9000,10029,2.9100,9412,2.9200,9466]
[18.02.2022 17:20:57,2.8700,7574,2.8600,12165,2.8500,8382,2.8400,6087,2.8300,4807,2.8800,122,2.8900,10335,2.9000,9879,2.9100,9412,2.9200,9466]
[18.02.2022 17:20:57,2.8700,7574,2.8600,12165,2.8500,8382,2.8400,6087,2.8300,4807,2.8900,10335,2.9000,9879,2.9100,9412,2.9200,9466,2.9300,6137]
[18.02.2022 17:21:45,2.8700,7724,2.8600,12015,2.8500,8382,2.8400,6087,2.8300,4807,2.8900,10780,2.9000,10029,2.9100,9412,2.9200,9466,2.9300,6137]
[18.02.2022 17:21:45,2.8700,7724,2.8600,12015,2.8500,8382,2.8400,6087,2.8300,4807,2.8900,10780,2.9000,10029,2.9100,9412,2.9200,9466,2.9300,6137]
[18.02.2022 17:21:45,2.8700,7724,2.8600,12015,2.8500,8382,2.8400,6087,2.8300,4807,2.8900,10780,2.9000,10029,2.9100,9412,2.9200,9466,2.9300,6137]
[18.02.2022 17:22:01,2.8800,937,2.8700,7099,2.8600,12015,2.8500,8382,2.8400,6087,2.8900,10706,2.9000,10029,2.9100,9412,2.9200,9466,2.9300,6137]
[18.02.2022 17:22:01,2.8800,937,2.8700,7099,2.8600,12015,2.8500,8382,2.8400,6087,2.8900,10706,2.9000,10029,2.9100,9412,2.9200,9466,2.9300,6137]
[18.02.2022 17:22:01,2.8800,937,2.8700,7099,2.8600,12015,2.8500,8382,2.8400,6087,2.8900,10706,2.9000,10029,2.9100,9412,2.9200,9466,2.9300,6137]
[18.02.2022 17:22:01,2.8800,937,2.8700,7099,2.8600,12015,2.8500,8382,2.8400,6087,2.8900,10706,2.9000,10029,2.9100,9412,2.9200,9466,2.9300,6137]
[18.02.2022 17:22:01,2.8800,937,2.8700,7099,2.8600,12015,2.8500,8382,2.8400,6087,2.8900,10706,2.9000,10029,2.9100,9412,2.9200,9466,2.9300,6137]
[18.02.2022 17:22:01,2.8800,937,2.8700,7099,2.8600,12015,2.8500,8382,2.8400,6087,2.8900,10706,2.9000,10029,2.9100,9412,2.9200,9466,2.9300,6137]
[18.02.2022 17:22:01,2.8800,937,2.8700,7099,2.8600,12015,2.8500,8382,2.8400,6087,2.8900,10706,2.9000,10029,2.9100,9412,2.9200,9466,2.9300,6137]
[18.02.2022 17:22:09,2.8800,837,2.8700,7099,2.8600,12015,2.8500,8382,2.8400,6087,2.8900,10618,2.9000,10029,2.9100,9412,2.9200,9466,2.9300,6137]
[18.02.2022 17:22:19,2.8800,937,2.8700,7099,2.8600,12015,2.8500,8382,2.8400,6087,2.8900,10611,2.9000,10029,2.9100,9412,2.9200,9466,2.9300,6137]
[18.02.2022 17:22:19,2.8800,937,2.8700,7099,2.8600,12015,2.8500,8382,2.8400,6087,2.8900,10611,2.9000,10029,2.9100,9412,2.9200,9466,2.9300,6137]
[18.02.2022 17:23:39,2.8800,982,2.8700,7099,2.8600,12015,2.8500,8337,2.8400,6087,2.8900,12107,2.9000,9999,2.9100,9412,2.9200,9466,2.9300,6137]
[18.02.2022 17:28:55,2.8800,1492,2.8700,7144,2.8600,12015,2.8500,8337,2.8400,6087,2.8900,12097,2.9000,9999,2.9100,9412,2.9200,9466,2.9300,6137]
[18.02.2022 17:32:11,2.8800,2052,2.8700,7244,2.8600,13040,2.8500,9337,2.8400,7087,2.8900,12107,2.9000,13017,2.9100,12412,2.9200,12466,2.9300,9137]
[18.02.2022 17:32:44,2.8800,1392,2.8700,7244,2.8600,13040,2.8500,9337,2.8400,7087,2.8900,12078,2.9000,13017,2.9100,12412,2.9200,12466,2.9300,9137]
[18.02.2022 17:33:12,2.8800,837,2.8700,7244,2.8600,13040,2.8500,9337,2.8400,7087,2.8900,12078,2.9000,13047,2.9100,12412,2.9200,12466,2.9300,9137]
[18.02.2022 17:33:12,2.8800,837,2.8700,7244,2.8600,13040,2.8500,9337,2.8400,7087,2.8900,12078,2.9000,13047,2.9100,12412,2.9200,12466,2.9300,9137]
[18.02.2022 17:33:12,2.8800,837,2.8700,7244,2.8600,13040,2.8500,9337,2.8400,7087,2.8900,12078,2.9000,13047,2.9100,12412,2.9200,12466,2.9300,9137]
[18.02.2022 17:33:12,2.8800,837,2.8700,7244,2.8600,13040,2.8500,9337,2.8400,7087,2.8900,12078,2.9000,13047,2.9100,12412,2.9200,12466,2.9300,9137]
[18.02.2022 17:34:40,2.8800,54,2.8700,7754,2.8600,13070,2.8500,9337,2.8400,7087,2.8900,12078,2.9000,13047,2.9100,12412,2.9200,12466,2.9300,9137]
[18.02.2022 17:34:40,2.8800,54,2.8700,7754,2.8600,13070,2.8500,9337,2.8400,7087,2.8900,12078,2.9000,13047,2.9100,12412,2.9200,12466,2.9300,9137]
[18.02.2022 17:36:52,2.8700,8059,2.8600,13320,2.8500,9337,2.8400,7087,2.8300,4807,2.8800,1372,2.8900,12228,2.9000,12897,2.9100,12412,2.9200,12466]
[18.02.2022 17:37:25,2.8700,8094,2.8600,13170,2.8500,9337,2.8400,7087,2.8300,4807,2.8800,719,2.8900,12078,2.9000,12897,2.9100,12412,2.9200,12466]
[18.02.2022 17:37:25,2.8700,8094,2.8600,13170,2.8500,9337,2.8400,7087,2.8300,4807,2.8800,719,2.8900,12078,2.9000,12897,2.9100,12412,2.9200,12466]
[18.02.2022 17:37:25,2.8700,8094,2.8600,13170,2.8500,9337,2.8400,7087,2.8300,4807,2.8800,719,2.8900,12078,2.9000,12897,2.9100,12412,2.9200,12466]
[18.02.2022 17:37:25,2.8700,8094,2.8600,13170,2.8500,9337,2.8400,7087,2.8300,4807,2.8800,719,2.8900,12078,2.9000,12897,2.9100,12412,2.9200,12466]
[18.02.2022 17:37:33,2.8800,1301,2.8700,8294,2.8600,13170,2.8500,9337,2.8400,7087,2.8900,12078,2.9000,12867,2.9100,12412,2.9200,12466,2.9300,9107]
[18.02.2022 17:37:33,2.8800,1301,2.8700,8444,2.8600,13020,2.8500,9337,2.8400,7087,2.8900,11928,2.9000,13017,2.9100,12412,2.9200,12466,2.9300,9107]
[18.02.2022 17:37:53,2.8800,1451,2.8700,7889,2.8600,13020,2.8500,9337,2.8400,7042,2.8900,11901,2.9000,13017,2.9100,12412,2.9200,12466,2.9300,9107]
[18.02.2022 17:38:13,2.8800,1451,2.8700,7889,2.8600,13020,2.8500,9337,2.8400,7042,2.8900,12294,2.9000,13017,2.9100,12412,2.9200,12466,2.9300,9107]
[18.02.2022 17:38:13,2.8800,1451,2.8700,7889,2.8600,13020,2.8500,9337,2.8400,7042,2.8900,12294,2.9000,13017,2.9100,12412,2.9200,12466,2.9300,9107]
[18.02.2022 17:38:13,2.8800,1451,2.8700,7889,2.8600,13020,2.8500,9337,2.8400,7042,2.8900,12294,2.9000,13017,2.9100,12412,2.9200,12466,2.9300,9107]
[18.02.2022 17:38:13,2.8800,1451,2.8700,7889,2.8600,13020,2.8500,9337,2.8400,7042,2.8900,12294,2.9000,13017,2.9100,12412,2.9200,12466,2.9300,9107]
[18.02.2022 17:38:13,2.8800,1451,2.8700,7889,2.8600,13020,2.8500,9337,2.8400,7042,2.8900,12294,2.9000,13017,2.9100,12412,2.9200,12466,2.9300,9107]
[18.02.2022 17:38:13,2.8800,1451,2.8700,7889,2.8600,13020,2.8500,9337,2.8400,7042,2.8900,12294,2.9000,13017,2.9100,12412,2.9200,12466,2.9300,9107]
[18.02.2022 17:38:13,2.8800,1451,2.8700,7889,2.8600,13020,2.8500,9337,2.8400,7042,2.8900,12294,2.9000,13017,2.9100,12412,2.9200,12466,2.9300,9107]
[18.02.2022 17:38:13,2.8800,1451,2.8700,7889,2.8600,13020,2.8500,9337,2.8400,7042,2.8900,12294,2.9000,13017,2.9100,12412,2.9200,12466,2.9300,9107]
[18.02.2022 17:38:13,2.8800,1451,2.8700,7889,2.8600,13020,2.8500,9337,2.8400,7042,2.8900,12294,2.9000,13017,2.9100,12412,2.9200,12466,2.9300,9107]
[18.02.2022 17:38:13,2.8800,1451,2.8700,7889,2.8600,13020,2.8500,9337,2.8400,7042,2.8900,12294,2.9000,13017,2.9100,12412,2.9200,12466,2.9300,9107]
[18.02.2022 17:38:13,2.8800,1451,2.8700,7889,2.8600,13020,2.8500,9337,2.8400,7042,2.8900,12294,2.9000,13017,2.9100,12412,2.9200,12466,2.9300,9107]
[18.02.2022 17:38:13,2.8800,1451,2.8700,7889,2.8600,13020,2.8500,9337,2.8400,7042,2.8900,12294,2.9000,13017,2.9100,12412,2.9200,12466,2.9300,9107]
[18.02.2022 17:38:13,2.8800,1451,2.8700,7889,2.8600,13020,2.8500,9337,2.8400,7042,2.8900,12294,2.9000,13017,2.9100,12412,2.9200,12466,2.9300,9107]
[18.02.2022 17:38:13,2.8800,1451,2.8700,7889,2.8600,13020,2.8500,9337,2.8400,7042,2.8900,12294,2.9000,13017,2.9100,12412,2.9200,12466,2.9300,9107]
[18.02.2022 17:38:13,2.8800,1451,2.8700,7889,2.8600,13020,2.8500,9337,2.8400,7042,2.8900,12294,2.9000,13017,2.9100,12412,2.9200,12466,2.9300,9107]
[18.02.2022 17:38:13,2.8800,1451,2.8700,7889,2.8600,13020,2.8500,9337,2.8400,7042,2.8900,12294,2.9000,13017,2.9100,12412,2.9200,12466,2.9300,9107]
[18.02.2022 17:38:13,2.8800,1451,2.8700,7889,2.8600,13020,2.8500,9337,2.8400,7042,2.8900,12294,2.9000,13017,2.9100,12412,2.9200,12466,2.9300,9107]
[18.02.2022 17:39:10,2.8800,1476,2.8700,7889,2.8600,12975,2.8500,9337,2.8400,7042,2.8900,12089,2.9000,13017,2.9100,12412,2.9200,12466,2.9300,9107]
[18.02.2022 17:39:52,2.8800,1476,2.8700,7889,2.8600,12975,2.8500,9337,2.8400,7042,2.8900,12089,2.9000,12997,2.9100,12382,2.9200,12466,2.9300,9107]
[18.02.2022 17:39:55,2.8800,2036,2.8700,7889,2.8600,12975,2.8500,9337,2.8400,7042,2.8900,12036,2.9000,12997,2.9100,12382,2.9200,12466,2.9300,9107]
[18.02.2022 17:39:55,2.8800,2036,2.8700,7889,2.8600,12975,2.8500,9337,2.8400,7042,2.8900,12036,2.9000,12997,2.9100,12382,2.9200,12466,2.9300,9107]
[18.02.2022 17:39:55,2.8800,2036,2.8700,7889,2.8600,12975,2.8500,9337,2.8400,7042,2.8900,12036,2.9000,12997,2.9100,12382,2.9200,12466,2.9300,9107]
[18.02.2022 17:39:55,2.8800,2036,2.8700,7889,2.8600,12975,2.8500,9337,2.8400,7042,2.8900,12036,2.9000,12997,2.9100,12382,2.9200,12466,2.9300,9107]
[18.02.2022 17:39:55,2.8800,2036,2.8700,7889,2.8600,12975,2.8500,9337,2.8400,7042,2.8900,12036,2.9000,12997,2.9100,12382,2.9200,12466,2.9300,9107]
[18.02.2022 17:39:55,2.8800,2036,2.8700,7889,2.8600,12975,2.8500,9337,2.8400,7042,2.8900,12036,2.9000,12997,2.9100,12382,2.9200,12466,2.9300,9107]
[18.02.2022 17:39:55,2.8800,2036,2.8700,7889,2.8600,12975,2.8500,9337,2.8400,7042,2.8900,11961,2.9000,12997,2.9100,12382,2.9200,12466,2.9300,9107]
[18.02.2022 17:39:57,2.8800,2036,2.8700,7889,2.8600,12975,2.8500,9337,2.8400,7042,2.8900,11934,2.9000,12997,2.9100,12382,2.9200,12466,2.9300,9107]
[18.02.2022 17:39:57,2.8800,2036,2.8700,7889,2.8600,12975,2.8500,9337,2.8400,7042,2.8900,11934,2.9000,12997,2.9100,12382,2.9200,12466,2.9300,9107]
[18.02.2022 17:39:57,2.8800,2036,2.8700,7889,2.8600,12975,2.8500,9337,2.8400,7042,2.8900,11922,2.9000,12997,2.9100,12382,2.9200,12466,2.9300,9107]
[18.02.2022 17:39:58,2.8800,2036,2.8700,7889,2.8600,12975,2.8500,9337,2.8400,7042,2.8900,11896,2.9000,12997,2.9100,12382,2.9200,12466,2.9300,9107]
[18.02.2022 17:39:58,2.8800,2036,2.8700,7889,2.8600,12975,2.8500,9337,2.8400,7042,2.8900,11896,2.9000,12997,2.9100,12382,2.9200,12466,2.9300,9107]
[18.02.2022 17:39:59,2.8800,5428,2.8700,11843,2.8600,10525,2.8500,9337,2.8400,4842,2.8900,9800,2.9000,10239,2.9100,12756,2.9200,13436,2.9300,9907]
[18.02.2022 17:39:59,2.8800,5428,2.8700,11843,2.8600,10525,2.8500,9337,2.8400,4842,2.8900,9800,2.9000,10239,2.9100,12756,2.9200,13436,2.9300,9907]
[18.02.2022 17:40:02,2.8800,2112,2.8700,11909,2.8600,11495,2.8500,9337,2.8400,7042,2.8900,12082,2.9000,10439,2.9100,12382,2.9200,12436,2.9300,9107]
[18.02.2022 17:40:02,2.8800,2112,2.8700,11909,2.8600,11495,2.8500,9337,2.8400,7042,2.8900,12082,2.9000,10439,2.9100,12382,2.9200,12436,2.93009107]
[18.02.2022 17:40:02,2.8800,3712,2.8700,10909,2.8600,11495,2.8500,9337,2.8400,5542,2.8900,12151,2.9000,10165,2.9100,12556,2.9200,12436,2.93009107]
[18.02.2022 17:40:03,2.8800,2112,2.8700,11909,2.8600,11495,2.8500,9337,2.8400,7042,2.8900,12149,2.9000,10165,2.9100,12556,2.9200,12436,2.93009107]
[18.02.2022 17:40:05,2.8800,2112,2.8700,11909,2.8600,11495,2.8500,9337,2.8400,7042,2.8900,12149,2.9000,10165,2.9100,12556,2.9200,12436,2.93009107]
[18.02.2022 17:40:06,2.8800,2112,2.8700,11909,2.8600,11495,2.8500,9337,2.8400,7042,2.8900,12148,2.9000,10165,2.9100,12556,2.9200,12436,2.93009107]
[18.02.2022 17:40:09,2.8800,2132,2.8700,7909,2.8600,12995,2.8500,9337,2.8400,7042,2.8900,12144,2.9000,10339,2.9100,12382,2.9200,12436,2.93009107]
[18.02.2022 17:40:10,2.8800,2132,2.8700,11909,2.8600,11495,2.8500,9337,2.8400,7042,2.8900,12117,2.9000,10339,2.9100,12382,2.9200,12436,2.93009107]
[18.02.2022 17:40:10,2.8800,2132,2.8700,11909,2.8600,11495,2.8500,9337,2.8400,7042,2.8900,12117,2.9000,10339,2.9100,12382,2.9200,12436,2.93009107]
[18.02.2022 17:40:11,2.8800,2132,2.8700,11909,2.8600,11495,2.8500,9337,2.8400,7042,2.8900,12074,2.9000,10339,2.9100,12382,2.9200,12436,2.93009107]
[18.02.2022 17:40:13,2.8800,2232,2.8700,11909,2.8600,11495,2.8500,9337,2.8400,7042,2.8900,12058,2.9000,10339,2.9100,12382,2.9200,12436,2.93009107]
[18.02.2022 17:40:14,2.8800,2232,2.8700,11909,2.8600,11495,2.8500,9337,2.8400,7042,2.8900,12044,2.9000,10339,2.9100,12382,2.9200,12436,2.93009107]
[18.02.2022 17:40:15,2.8800,2232,2.8700,7909,2.8600,12995,2.8500,9337,2.8400,7042,2.8900,12042,2.9000,10339,2.9100,12382,2.9200,12436,2.93009107]
[18.02.2022 17:40:16,2.8800,2232,2.8700,10409,2.8600,11495,2.8500,9337,2.8400,7042,2.8900,12036,2.9000,10339,2.9100,12382,2.9200,12436,2.93009107]
[18.02.2022 17:40:16,2.8800,2232,2.8700,10409,2.8600,11495,2.8500,9337,2.8400,7042,2.8900,12036,2.9000,10339,2.9100,12382,2.9200,12436,2.93009107]
[18.02.2022 17:40:16,2.8800,2232,2.8700,10409,2.8600,11495,2.8500,9337,2.8400,7042,2.8900,12036,2.9000,10339,2.9100,12382,2.9200,12436,2.93009107]
[18.02.2022 17:40:16,2.8800,2232,2.8700,11909,2.8600,11495,2.8500,9337,2.8400,7042,2.8900,11970,2.9000,10339,2.9100,12382,2.9200,12436,2.93009107]
[18.02.2022 17:40:19,2.8800,2232,2.8700,11909,2.8600,11495,2.8500,9337,2.8400,7042,2.8900,11970,2.9000,10339,2.9100,12382,2.9200,12436,2.93009107]
[18.02.2022 17:40:19,2.8800,2232,2.8700,11909,2.8600,11495,2.8500,9337,2.8400,7042,2.8900,11970,2.9000,10339,2.9100,12382,2.9200,12436,2.93009107]
[18.02.2022 17:40:19,2.8800,4232,2.8700,11909,2.8600,11495,2.8500,7337,2.8400,7042,2.8900,11964,2.9000,10339,2.9100,12382,2.9200,12436,2.93009107]
[18.02.2022 17:40:19,2.8800,4232,2.8700,11909,2.8600,11495,2.8500,7337,2.8400,7042,2.8900,11964,2.9000,10339,2.9100,12382,2.9200,12436,2.93009107]
[18.02.2022 17:40:19,2.8800,4232,2.8700,11909,2.8600,11495,2.8500,7337,2.8400,7042,2.8900,11959,2.9000,10339,2.9100,12382,2.9200,12436,2.93009107]
[18.02.2022 17:40:19,2.8800,4232,2.8700,11909,2.8600,11495,2.8500,7337,2.8400,7042,2.8900,11959,2.9000,10339,2.9100,12382,2.9200,12436,2.93009107]
[18.02.2022 17:40:19,2.8800,4232,2.8700,11909,2.8600,11495,2.8500,7337,2.8400,7042,2.8900,11955,2.9000,10339,2.9100,12382,2.9200,12436,2.93009107]
[18.02.2022 17:40:19,2.8800,4232,2.8700,11909,2.8600,11495,2.8500,7337,2.8400,7042,2.8900,11955,2.9000,10339,2.9100,12382,2.9200,12436,2.93009107]
[18.02.2022 17:40:22,2.8800,5732,2.8700,11909,2.8600,11495,2.8500,7337,2.8400,7042,2.8900,11951,2.9000,10339,2.9100,12382,2.9200,12436,2.93009107]
[18.02.2022 17:42:21,2.8800,2824,2.8700,11409,2.8600,11495,2.8500,7337,2.8400,7042,2.8900,12006,2.9000,10339,2.9100,12382,2.9200,12436,2.93009107]
[18.02.2022 17:48:55,2.8800,3284,2.8700,11424,2.8600,11096,2.8500,7387,2.8400,7042,2.8900,9806,2.9000,9343,2.9100,11382,2.9200,11466,2.93008107]
[18.02.2022 17:49:57,2.8800,3299,2.8700,11424,2.8600,11102,2.8500,7432,2.8400,7042,2.8900,9796,2.9000,9325,2.9100,11382,2.9200,11466,2.93008107]
[18.02.2022 17:50:07,2.8800,2514,2.8700,10869,2.8600,9808,2.8500,7432,2.8400,7042,2.8900,9185,2.9000,9325,2.9100,11412,2.9200,11466,2.93008107]
[18.02.2022 17:50:07,2.8800,2514,2.8700,10869,2.8600,9808,2.8500,7432,2.8400,7042,2.8900,9185,2.9000,9325,2.9100,11412,2.9200,11466,2.93008107]
[18.02.2022 17:50:14,2.8800,2514,2.8700,10869,2.8600,9808,2.8500,7432,2.8400,7042,2.8900,9185,2.9000,9325,2.9100,11412,2.9200,11466,2.93008107]
[18.02.2022 17:50:14,2.8800,2514,2.8700,10869,2.8600,9808,2.8500,7432,2.8400,7042,2.8900,9185,2.9000,9325,2.9100,11412,2.9200,11466,2.93008107]
[18.02.2022 17:51:15,2.8800,2896,2.8700,10869,2.8600,9903,2.8500,7337,2.8400,7042,2.8900,9131,2.9000,9325,2.9100,11382,2.9200,11466,2.93008107]
[18.02.2022 17:51:15,2.8800,2896,2.8700,10869,2.8600,9903,2.8500,7337,2.8400,7042,2.8900,9131,2.9000,9325,2.9100,11382,2.9200,11466,2.93008107]
[18.02.2022 17:51:15,2.8800,2896,2.8700,10869,2.8600,9903,2.8500,7337,2.8400,7042,2.8900,9131,2.9000,9325,2.9100,11382,2.9200,11466,2.93008107]
[18.02.2022 17:51:16,2.8800,2896,2.8700,10869,2.8600,9903,2.8500,7337,2.8400,7042,2.8900,9131,2.9000,9325,2.9100,11382,2.9200,11466,2.93008107]
[18.02.2022 17:51:16,2.8800,2896,2.8700,10869,2.8600,9903,2.8500,7337,2.8400,7042,2.8900,9131,2.9000,9325,2.9100,11382,2.9200,11466,2.93008107]
[18.02.2022 17:51:16,2.8800,2896,2.8700,10869,2.8600,9903,2.8500,7337,2.8400,7042,2.8900,9131,2.9000,9325,2.9100,11382,2.9200,11466,2.93008107]
[18.02.2022 17:51:16,2.8800,2896,2.8700,10869,2.8600,9903,2.8500,7337,2.8400,7042,2.8900,9131,2.9000,9325,2.9100,11382,2.9200,11466,2.93008107]
[18.02.2022 17:52:34,2.8800,2944,2.8700,11869,2.8600,10003,2.8500,7237,2.8400,7042,2.8900,9131,2.9000,9325,2.9100,11382,2.9200,11436,2.93008107]
[18.02.2022 17:52:36,2.8800,2944,2.8700,11869,2.8600,10003,2.8500,7237,2.8400,7042,2.8900,9519,2.9000,9325,2.9100,11382,2.9200,11436,2.93008107]
[18.02.2022 17:52:40,2.8800,3007,2.8700,11869,2.8600,10003,2.8500,7237,2.8400,7042,2.8900,9513,2.9000,9325,2.9100,11382,2.9200,11436,2.93008107]
[18.02.2022 17:52:40,2.8800,3007,2.8700,11869,2.8600,10003,2.8500,7237,2.8400,7042,2.8900,9513,2.9000,9325,2.9100,11382,2.9200,11436,2.93008107]
[18.02.2022 17:52:40,2.8800,3007,2.8700,11869,2.8600,10003,2.8500,7237,2.8400,7042,2.8900,9460,2.9000,9325,2.9100,11382,2.9200,11436,2.93008107]
[18.02.2022 17:52:40,2.8800,3007,2.8700,11869,2.8600,10003,2.8500,7237,2.8400,7042,2.8900,9460,2.9000,9325,2.9100,11382,2.9200,11436,2.93008107]
[18.02.2022 17:52:40,2.8800,3007,2.8700,11869,2.8600,10003,2.8500,7237,2.8400,7042,2.8900,9460,2.9000,9325,2.9100,11382,2.9200,11436,2.93008107]
[18.02.2022 17:52:40,2.8800,3007,2.8700,11869,2.8600,10003,2.8500,7237,2.8400,7042,2.8900,9460,2.9000,9325,2.9100,11382,2.9200,11436,2.93008107]
[18.02.2022 17:52:40,2.8800,3007,2.8700,11869,2.8600,10003,2.8500,7237,2.8400,7042,2.8900,9460,2.9000,9325,2.9100,11382,2.9200,11436,2.93008107]
[18.02.2022 17:52:40,2.8800,9833,2.8700,11869,2.8600,10003,2.8500,7237,2.8400,7042,2.8900,9460,2.9000,9325,2.9100,11382,2.9200,11436,2.93008107]
[18.02.2022 17:52:40,2.8800,9833,2.8700,10053,2.8600,9252,2.8500,7237,2.8400,4842,2.8900,4982,2.9000,8915,2.9100,11756,2.9200,12436,2.93009407]
[18.02.2022 17:52:40,2.8800,9833,2.8700,10053,2.8600,9252,2.8500,7237,2.8400,4842,2.8900,4982,2.9000,8915,2.9100,11756,2.9200,12436,2.93009407]
[18.02.2022 17:52:41,2.8800,9865,2.8700,10043,2.8600,9252,2.8500,7237,2.8400,4842,2.8900,4840,2.9000,9025,2.9100,11756,2.9200,12436,2.93009407]
[18.02.2022 17:52:41,2.8800,9865,2.8700,10043,2.8600,9252,2.8500,7237,2.8400,4842,2.8900,4840,2.9000,9025,2.9100,11756,2.9200,12436,2.93009407]
[18.02.2022 17:52:41,2.8800,9865,2.8700,10043,2.8600,9252,2.8500,7237,2.8400,4842,2.8900,4840,2.9000,9025,2.9100,11756,2.9200,12436,2.93009407]
[18.02.2022 17:52:41,2.8800,9865,2.8700,10043,2.8600,9252,2.8500,7237,2.8400,4842,2.8900,4769,2.9000,9025,2.9100,11756,2.9200,12436,2.93009407]
[18.02.2022 17:52:42,2.8800,9845,2.8700,10043,2.8600,9252,2.8500,7237,2.8400,4842,2.8900,4749,2.9000,9025,2.9100,11756,2.9200,12436,2.93009407]
[18.02.2022 17:52:42,2.8800,9823,2.8700,10043,2.8600,9252,2.8500,7237,2.8400,4842,2.8900,4727,2.9000,9025,2.9100,11756,2.9200,12436,2.93009407]
[18.02.2022 17:52:42,2.8800,9823,2.8700,10043,2.8600,9252,2.8500,7237,2.8400,4842,2.8900,3346,2.9000,9025,2.9100,11756,2.9200,12436,2.930010907]
[18.02.2022 17:52:42,2.8800,9823,2.8700,10043,2.8600,9252,2.8500,7237,2.8400,4842,2.8900,3346,2.9000,9025,2.9100,11756,2.9200,12436,2.930010907]
[18.02.2022 17:52:42,2.8800,9823,2.8700,10043,2.8600,9252,2.8500,7237,2.8400,4842,2.8900,3346,2.9000,9025,2.9100,11756,2.9200,12436,2.930010907]
[18.02.2022 17:52:42,2.8800,9823,2.8700,10043,2.8600,9252,2.8500,7237,2.8400,4842,2.8900,3292,2.9000,9025,2.9100,11756,2.9200,12436,2.930010907]
[18.02.2022 17:52:42,2.8800,9823,2.8700,10043,2.8600,9252,2.8500,7237,2.8400,4842,2.8900,3292,2.9000,9025,2.9100,11756,2.9200,12436,2.930010907]
[18.02.2022 17:52:42,2.8800,9823,2.8700,10043,2.8600,9157,2.8500,7237,2.8400,4842,2.8900,3170,2.9000,9025,2.9100,11756,2.9200,12436,2.930010907]
[18.02.2022 17:52:43,2.8800,9823,2.8700,10043,2.8600,9157,2.8500,7237,2.8400,4842,2.8900,3167,2.9000,9025,2.9100,11756,2.9200,12436,2.930010907]
[18.02.2022 17:52:43,2.8800,9823,2.8700,10043,2.8600,9157,2.8500,7237,2.8400,4842,2.8900,3167,2.9000,9025,2.9100,11756,2.9200,12436,2.930010907]
[18.02.2022 17:52:43,2.8800,9823,2.8700,10043,2.8600,9157,2.8500,7237,2.8400,4842,2.8900,3167,2.9000,9025,2.9100,11756,2.9200,12436,2.930010907]
[18.02.2022 17:52:43,2.8800,9823,2.8700,10043,2.8600,9157,2.8500,7237,2.8400,4842,2.8900,3167,2.9000,9025,2.9100,11756,2.9200,12436,2.930010907]
[18.02.2022 17:52:43,2.8800,9823,2.8700,10043,2.8600,9157,2.8500,7237,2.8400,4842,2.8900,3167,2.9000,9025,2.9100,11756,2.9200,12436,2.930010907]
[18.02.2022 17:52:43,2.8800,9823,2.8700,10043,2.8600,9157,2.8500,7237,2.8400,4842,2.8900,3167,2.9000,9025,2.9100,11756,2.9200,12436,2.930010907]
[18.02.2022 17:52:43,2.8800,9823,2.8700,10043,2.8600,9157,2.8500,7237,2.8400,4842,2.8900,3167,2.9000,9025,2.9100,11756,2.9200,12436,2.930010907]
[18.02.2022 17:52:43,2.8800,9823,2.8700,10044,2.8600,9157,2.8500,7237,2.8400,4842,2.8900,3064,2.9000,9025,2.9100,11756,2.9200,12436,2.930010907]
[18.02.2022 17:52:43,2.8800,9823,2.8700,10044,2.8600,9157,2.8500,7237,2.8400,4842,2.8900,3064,2.9000,9025,2.9100,11756,2.9200,12436,2.930010907]
[18.02.2022 17:52:43,2.8800,9823,2.8700,10044,2.8600,9157,2.8500,7237,2.8400,4842,2.8900,3041,2.9000,9025,2.9100,11756,2.9200,12436,2.930010907]
[18.02.2022 17:52:44,2.8800,9823,2.8700,10044,2.8600,9157,2.8500,7237,2.8400,4842,2.8900,3041,2.9000,9025,2.9100,11756,2.9200,12436,2.930010907]
[18.02.2022 17:52:44,2.8800,9823,2.8700,10044,2.8600,9157,2.8500,7237,2.8400,4842,2.8900,3041,2.9000,9025,2.9100,11756,2.9200,12436,2.930010907]
[18.02.2022 17:52:44,2.8800,9823,2.8700,10044,2.8600,9157,2.8500,7237,2.8400,4842,2.8900,2989,2.9000,9025,2.9100,11756,2.9200,12436,2.930010907]
[18.02.2022 17:52:44,2.8800,9823,2.8700,10044,2.8600,9157,2.8500,7237,2.8400,4842,2.8900,2989,2.9000,9025,2.9100,11756,2.9200,12436,2.930010907]
[18.02.2022 17:52:44,2.8800,9823,2.8700,10044,2.8600,9157,2.8500,7237,2.8400,4842,2.8900,2989,2.9000,9025,2.9100,11756,2.9200,12436,2.930010907]
[18.02.2022 17:52:44,2.8800,9823,2.8700,10044,2.8600,9157,2.8500,7237,2.8400,4842,2.8900,2963,2.9000,9025,2.9100,11756,2.9200,12436,2.930010907]
[18.02.2022 17:52:44,2.8800,9823,2.8700,10044,2.8600,9157,2.8500,7237,2.8400,4842,2.8900,2963,2.9000,9025,2.9100,11756,2.9200,12436,2.930010907]
[18.02.2022 17:52:44,2.8800,9823,2.8700,10044,2.8600,9157,2.8500,7237,2.8400,4842,2.8900,2963,2.9000,9025,2.9100,11756,2.9200,12436,2.930010907]
[18.02.2022 17:52:45,2.8800,9823,2.8700,10044,2.8600,9157,2.8500,7237,2.8400,4842,2.8900,2932,2.9000,9025,2.9100,11756,2.9200,12436,2.930010907]
[18.02.2022 17:52:45,2.8800,9823,2.8700,10044,2.8600,9157,2.8500,7237,2.8400,4842,2.8900,2932,2.9000,9025,2.9100,11756,2.9200,12436,2.930010907]
[18.02.2022 17:52:46,2.8800,9823,2.8700,10044,2.8600,9157,2.8500,7237,2.8400,4842,2.8900,2500,2.9000,9025,2.9100,11801,2.9200,12436,2.930010907]
[18.02.2022 17:52:46,2.8800,9823,2.8700,10044,2.8600,9157,2.8500,7237,2.8400,4842,2.8900,2500,2.9000,9025,2.9100,11801,2.9200,12436,2.930010907]
[18.02.2022 17:52:46,2.8800,9823,2.8700,10044,2.8600,9157,2.8500,7237,2.8400,4842,2.8900,2500,2.9000,9025,2.9100,11801,2.9200,12436,2.930010907]
[18.02.2022 17:52:46,2.8800,9823,2.8700,10044,2.8600,9157,2.8500,7237,2.8400,4842,2.8900,2466,2.9000,9025,2.9100,11801,2.9200,12436,2.930010907]
[18.02.2022 17:52:47,2.8800,9823,2.8700,10044,2.8600,9157,2.8500,7237,2.8400,4842,2.8900,2450,2.9000,9025,2.9100,11801,2.9200,12436,2.930010907]
[18.02.2022 17:52:47,2.8800,9823,2.8700,10044,2.8600,9157,2.8500,7237,2.8400,4842,2.8900,2439,2.9000,9025,2.9100,11801,2.9200,12436,2.930010907]
[18.02.2022 17:52:47,2.8800,9823,2.8700,10044,2.8600,9157,2.8500,7237,2.8400,4842,2.8900,913,2.9000,9525,2.9100,11801,2.9200,12436,2.930010907]
[18.02.2022 17:52:47,2.8800,9823,2.8700,10044,2.8600,9157,2.8500,7237,2.8400,4842,2.8900,913,2.9000,9525,2.9100,11801,2.9200,12436,2.930010907]
[18.02.2022 17:52:48,2.8900,577,2.8800,9721,2.8700,9894,2.8600,9137,2.8500,7237,2.9000,9314,2.9100,11951,2.9200,12436,2.9300,10907,2.94007186]
[18.02.2022 17:52:48,2.8900,577,2.8800,9721,2.8700,9894,2.8600,9137,2.8500,7237,2.9000,9314,2.9100,11951,2.9200,12436,2.9300,10907,2.94007186]
[18.02.2022 17:52:48,2.8900,577,2.8800,9721,2.8700,9894,2.8600,9137,2.8500,7237,2.9000,9287,2.9100,11951,2.9200,12436,2.9300,10907,2.94007186]
[18.02.2022 17:52:48,2.8900,577,2.8800,9721,2.8700,9894,2.8600,9137,2.8500,7237,2.9000,9287,2.9100,11951,2.9200,12436,2.9300,10907,2.94007186]
[18.02.2022 17:52:48,2.8900,577,2.8800,9721,2.8700,9894,2.8600,9137,2.8500,7237,2.9000,9246,2.9100,11951,2.9200,12436,2.9300,10907,2.94007186]
[18.02.2022 17:52:49,2.8900,577,2.8800,9721,2.8700,9894,2.8600,9137,2.8500,7237,2.9000,9147,2.9100,11951,2.9200,12436,2.9300,10907,2.94007186]
[18.02.2022 17:52:49,2.8900,577,2.8800,9721,2.8700,9894,2.8600,9137,2.8500,7237,2.9000,9121,2.9100,11951,2.9200,12436,2.9300,10907,2.94007186]
[18.02.2022 17:52:49,2.8900,577,2.8800,9721,2.8700,9894,2.8600,9137,2.8500,7237,2.9000,9103,2.9100,11951,2.9200,12436,2.9300,10907,2.94007186]
[18.02.2022 17:52:49,2.8900,577,2.8800,9721,2.8700,9894,2.8600,9137,2.8500,7237,2.9000,9076,2.9100,11951,2.9200,12436,2.9300,10907,2.94007186]
[18.02.2022 17:52:50,2.8900,577,2.8800,9721,2.8700,9894,2.8600,9137,2.8500,7237,2.9000,9049,2.9100,11951,2.9200,12436,2.9300,10907,2.94007186]
[18.02.2022 17:52:50,2.8900,577,2.8800,9721,2.8700,9894,2.8600,9137,2.8500,7237,2.9000,9022,2.9100,11951,2.9200,12436,2.9300,10907,2.94007186]
[18.02.2022 17:52:50,2.8900,577,2.8800,9721,2.8700,9894,2.8600,9137,2.8500,7237,2.9000,9022,2.9100,11951,2.9200,12436,2.9300,10907,2.94007186]
[18.02.2022 17:52:51,2.8900,577,2.8800,9721,2.8700,9894,2.8600,9137,2.8500,7237,2.9000,9001,2.9100,11951,2.9200,12481,2.9300,10907,2.94007186]
[18.02.2022 17:52:51,2.8900,577,2.8800,9721,2.8700,9894,2.8600,9137,2.8500,7237,2.9000,9001,2.9100,11951,2.9200,12481,2.9300,10907,2.94007186]
[18.02.2022 17:52:51,2.8900,577,2.8800,9721,2.8700,9894,2.8600,9137,2.8500,7237,2.9000,9001,2.9100,11951,2.9200,12481,2.9300,10907,2.94007186]
[18.02.2022 17:52:51,2.8900,577,2.8800,9721,2.8700,9894,2.8600,9137,2.8500,7237,2.9000,9001,2.9100,11951,2.9200,12481,2.9300,10907,2.94007186]
[18.02.2022 17:52:51,2.8900,577,2.8800,9721,2.8700,9894,2.8600,9137,2.8500,7237,2.9000,8950,2.9100,11951,2.9200,12481,2.9300,10907,2.94007186]
[18.02.2022 17:52:51,2.8900,577,2.8800,9721,2.8700,9894,2.8600,9137,2.8500,7237,2.9000,8950,2.9100,11951,2.9200,12481,2.9300,10907,2.94007186]
[18.02.2022 17:52:52,2.8900,577,2.8800,9721,2.8700,9894,2.8600,9137,2.8500,7237,2.9000,8899,2.9100,11951,2.9200,12481,2.9300,10907,2.94007186]
[18.02.2022 17:52:52,2.8900,577,2.8800,9721,2.8700,9894,2.8600,9137,2.8500,7237,2.9000,8889,2.9100,11951,2.9200,12481,2.9300,10907,2.94007186]
[18.02.2022 17:52:53,2.8900,577,2.8800,9721,2.8700,9894,2.8600,9137,2.8500,7237,2.9000,8863,2.9100,11951,2.9200,12481,2.9300,10907,2.94007186]
[18.02.2022 17:52:54,2.8900,577,2.8800,9721,2.8700,9894,2.8600,9137,2.8500,7237,2.9000,8836,2.9100,11951,2.9200,12481,2.9300,10907,2.94007186]
[18.02.2022 17:52:54,2.8900,577,2.8800,9721,2.8700,9894,2.8600,9137,2.8500,7237,2.9000,8836,2.9100,11951,2.9200,12481,2.9300,10907,2.94007186]
[18.02.2022 17:52:56,2.8900,577,2.8800,9721,2.8700,9894,2.8600,9137,2.8500,7237,2.9000,8794,2.9100,11951,2.9200,12481,2.9300,10907,2.94007186]
[18.02.2022 17:52:56,2.8900,577,2.8800,9721,2.8700,9894,2.8600,9137,2.8500,7237,2.9000,8794,2.9100,11951,2.9200,12481,2.9300,10907,2.94007186]
[18.02.2022 17:52:57,2.8900,577,2.8800,9721,2.8700,9894,2.8600,9137,2.8500,7237,2.9000,8751,2.9100,11951,2.9200,12481,2.9300,10907,2.94007186]
[18.02.2022 17:52:57,2.8900,577,2.8800,9721,2.8700,9894,2.8600,9137,2.8500,7237,2.9000,8751,2.9100,11951,2.9200,12481,2.9300,10907,2.94007186]
[18.02.2022 17:52:57,2.8900,577,2.8800,9721,2.8700,9894,2.8600,9137,2.8500,7237,2.9000,8700,2.9100,11951,2.9200,12481,2.9300,10907,2.94007186]
[18.02.2022 17:52:57,2.8900,577,2.8800,9721,2.8700,9894,2.8600,9137,2.8500,7237,2.9000,8700,2.9100,11951,2.9200,12481,2.9300,10907,2.94007186]
[18.02.2022 17:53:00,2.8900,817,2.8800,9721,2.8700,9894,2.8600,9137,2.8500,7237,2.9000,8676,2.9100,11951,2.9200,12481,2.9300,10907,2.94007186]
[18.02.2022 17:53:00,2.8900,817,2.8800,9721,2.8700,9894,2.8600,9137,2.8500,7237,2.9000,8676,2.9100,11951,2.9200,12481,2.9300,10907,2.94007186]
[18.02.2022 17:53:01,2.8900,817,2.8800,9721,2.8700,9894,2.8600,9137,2.8500,7237,2.9000,8645,2.9100,11951,2.9200,12481,2.9300,10907,2.94007186]
[18.02.2022 17:53:01,2.8900,817,2.8800,9721,2.8700,9894,2.8600,9137,2.8500,7237,2.9000,8645,2.9100,11951,2.9200,12481,2.9300,10907,2.94007186]
[18.02.2022 17:53:01,2.8900,817,2.8800,9721,2.8700,9894,2.8600,9137,2.8500,7237,2.9000,8591,2.9100,11951,2.9200,12481,2.9300,10907,2.94007186]
[18.02.2022 17:53:08,2.8900,917,2.8800,9621,2.8700,9894,2.8600,9137,2.8500,7237,2.9000,8564,2.9100,11951,2.9200,12481,2.9300,10907,2.94007186]
[18.02.2022 17:53:08,2.8900,917,2.8800,9621,2.8700,9894,2.8600,9137,2.8500,7237,2.9000,8537,2.9100,11951,2.9200,12481,2.9300,10907,2.94007186]
[18.02.2022 17:53:08,2.8900,917,2.8800,9621,2.8700,9894,2.8600,9137,2.8500,7237,2.9000,8511,2.9100,11951,2.9200,12481,2.9300,10907,2.94007186]
[18.02.2022 17:53:08,2.8900,917,2.8800,9621,2.8700,9894,2.8600,9137,2.8500,7237,2.9000,8511,2.9100,11951,2.9200,12481,2.9300,10907,2.94007186]
[18.02.2022 17:53:12,2.8900,952,2.8800,9636,2.8700,9879,2.8600,9137,2.8500,7237,2.9000,8457,2.9100,11951,2.9200,12481,2.9300,10907,2.94007186]
[18.02.2022 17:53:12,2.8900,952,2.8800,9636,2.8700,9879,2.8600,9137,2.8500,7237,2.9000,8457,2.9100,11951,2.9200,12481,2.9300,10907,2.94007186]
[18.02.2022 17:53:12,2.8900,952,2.8800,9636,2.8700,9879,2.8600,9137,2.8500,7237,2.9000,8457,2.9100,11951,2.9200,12481,2.9300,10907,2.94007186]
[18.02.2022 17:53:12,2.8900,952,2.8800,9636,2.8700,9879,2.8600,9137,2.8500,7237,2.9000,8457,2.9100,11951,2.9200,12481,2.9300,10907,2.94007186]
[18.02.2022 17:53:12,2.8900,952,2.8800,9636,2.8700,9879,2.8600,9137,2.8500,7237,2.9000,8457,2.9100,11951,2.9200,12481,2.9300,10907,2.94007186]
[18.02.2022 17:53:12,2.8900,952,2.8800,9636,2.8700,9879,2.8600,9137,2.8500,7237,2.9000,8457,2.9100,11951,2.9200,12481,2.9300,10907,2.94007186]
[18.02.2022 17:53:21,2.8900,952,2.8800,9836,2.8700,9694,2.8600,9137,2.8500,7237,2.9000,8976,2.9100,11951,2.9200,12481,2.9300,10907,2.94007186]
[18.02.2022 17:53:29,2.8900,952,2.8800,9666,2.8700,9894,2.8600,9137,2.8500,7237,2.9000,7509,2.9100,10951,2.9200,11581,2.9300,9907,2.94006186]
[18.02.2022 17:54:54,2.8900,1498,2.8800,9666,2.8700,9849,2.8600,9137,2.8500,7237,2.9000,7571,2.9100,10951,2.9200,11581,2.9300,9907,2.94006186]
[18.02.2022 17:55:04,2.8900,1384,2.8800,9454,2.8700,9638,2.8600,8925,2.8500,7025,2.9000,7570,2.9100,10951,2.9200,11369,2.9300,9907,2.94006186]
[18.02.2022 17:55:05,2.8900,1384,2.8800,9454,2.8700,9638,2.8600,8931,2.8500,7025,2.9000,7564,2.9100,10951,2.9200,11369,2.9300,9907,2.94006186]
[18.02.2022 17:55:06,2.8900,1384,2.8800,9454,2.8700,9638,2.8600,8931,2.8500,7027,2.9000,7562,2.9100,10951,2.9200,11369,2.9300,9907,2.94006186]
[18.02.2022 17:55:13,2.8900,1884,2.8800,9454,2.8700,9638,2.8600,8931,2.8500,7027,2.9000,7560,2.9100,10951,2.9200,11369,2.9300,9907,2.94006186]
[18.02.2022 17:55:15,2.8900,1884,2.8800,9304,2.8700,9638,2.8600,8931,2.8500,7027,2.9000,7531,2.9100,10801,2.9200,11369,2.9300,9907,2.94006186]
[18.02.2022 17:55:15,2.8900,1884,2.8800,9304,2.8700,9638,2.8600,8931,2.8500,7027,2.9000,7530,2.9100,10801,2.9200,11369,2.9300,9907,2.94006186]
[18.02.2022 17:55:16,2.8900,1884,2.8800,9304,2.8700,9638,2.8600,8931,2.8500,7027,2.9000,7530,2.9100,10801,2.9200,11369,2.9300,9907,2.94006186]
[18.02.2022 17:55:23,2.8900,8700,2.8800,7939,2.8700,9037,2.8600,8925,2.8500,4825,2.9000,2943,2.9100,7693,2.9200,11743,2.9300,10907,2.94007486]
[18.02.2022 17:56:11,2.8900,5349,2.8800,9389,2.8700,8892,2.8600,8989,2.8500,7050,2.9000,7592,2.9100,8339,2.9200,11369,2.9300,9907,2.94006186]
[18.02.2022 17:56:11,2.8900,5349,2.8800,9389,2.8700,8892,2.8600,8989,2.8500,7050,2.9000,7592,2.9100,8339,2.9200,11369,2.9300,9907,2.94006186]
[18.02.2022 17:56:11,2.8900,5349,2.8800,9389,2.8700,8892,2.8600,8989,2.8500,7050,2.9000,7592,2.9100,8339,2.9200,11369,2.9300,9907,2.94006186]
[18.02.2022 17:56:11,2.8900,5349,2.8800,9389,2.8700,8892,2.8600,8989,2.8500,7050,2.9000,7592,2.9100,8339,2.9200,11369,2.9300,9907,2.94006186]
[18.02.2022 17:56:11,2.8900,5349,2.8800,9389,2.8700,8892,2.8600,8989,2.8500,7050,2.9000,7592,2.9100,8339,2.9200,11369,2.9300,9907,2.94006186]
[18.02.2022 17:56:11,2.8900,5349,2.8800,9389,2.8700,8892,2.8600,8989,2.8500,7050,2.9000,7592,2.9100,8339,2.9200,11369,2.9300,9907,2.94006186]
[18.02.2022 17:56:11,2.8900,5349,2.8800,9389,2.8700,8892,2.8600,8989,2.8500,7050,2.9000,7592,2.9100,8339,2.9200,11369,2.9300,9907,2.94006186]
[18.02.2022 17:56:11,2.8900,5349,2.8800,9389,2.8700,8892,2.8600,8989,2.8500,7050,2.9000,7592,2.9100,8339,2.9200,11369,2.9300,9907,2.94006186]
[18.02.2022 17:56:13,2.8900,5339,2.8800,9389,2.8700,8892,2.8600,8989,2.8500,7050,2.9000,7540,2.9100,8339,2.9200,11369,2.9300,9907,2.94006186]
[18.02.2022 17:56:13,2.8900,5339,2.8800,9389,2.8700,8892,2.8600,8989,2.8500,7050,2.9000,7540,2.9100,8339,2.9200,11369,2.9300,9907,2.94006186]
[18.02.2022 17:56:13,2.8900,5339,2.8800,9389,2.8700,8892,2.8600,8989,2.8500,7050,2.9000,7540,2.9100,8339,2.9200,11369,2.9300,9907,2.94006186]
[18.02.2022 17:56:13,2.8900,5339,2.8800,9389,2.8700,8892,2.8600,8989,2.8500,7050,2.9000,7540,2.9100,8339,2.9200,11369,2.9300,9907,2.94006186]
[18.02.2022 17:56:14,2.8900,5339,2.8800,9389,2.8700,8892,2.8600,8989,2.8500,7050,2.9000,7499,2.9100,8339,2.9200,11369,2.9300,9907,2.94006186]
[18.02.2022 17:56:14,2.8900,5339,2.8800,9389,2.8700,8892,2.8600,8989,2.8500,7050,2.9000,7498,2.9100,8339,2.9200,11369,2.9300,9907,2.94006186]
[18.02.2022 17:56:14,2.8900,5339,2.8800,9389,2.8700,8892,2.8600,8989,2.8500,7050,2.9000,7498,2.9100,8339,2.9200,11369,2.9300,9907,2.94006186]
[18.02.2022 17:56:15,2.8900,5339,2.8800,9389,2.8700,8892,2.8600,8989,2.8500,7050,2.9000,7484,2.9100,8339,2.9200,11369,2.9300,9907,2.94006186]
[18.02.2022 17:56:16,2.8900,5339,2.8800,9389,2.8700,8892,2.8600,8989,2.8500,7050,2.9000,7483,2.9100,8339,2.9200,11369,2.9300,9907,2.94006186]
[18.02.2022 17:56:16,2.8900,5339,2.8800,9389,2.8700,8892,2.8600,8989,2.8500,7050,2.9000,7483,2.9100,8339,2.9200,11369,2.9300,9907,2.94006186]
[18.02.2022 17:56:16,2.8900,5339,2.8800,9389,2.8700,8892,2.8600,8989,2.8500,7050,2.9000,7483,2.9100,8339,2.9200,11369,2.9300,9907,2.94006186]
[18.02.2022 17:56:17,2.8900,5339,2.8800,9390,2.8700,8892,2.8600,8989,2.8500,7050,2.9000,7479,2.9100,8339,2.9200,11369,2.9300,9907,2.94006186]
[18.02.2022 17:56:17,2.8900,5339,2.8800,9390,2.8700,8892,2.8600,8989,2.8500,7050,2.9000,7479,2.9100,8339,2.9200,11369,2.9300,9907,2.94006186]
[18.02.2022 17:56:17,2.8900,5339,2.8800,9390,2.8700,8892,2.8600,8989,2.8500,7050,2.9000,7465,2.9100,8339,2.9200,11369,2.9300,9907,2.94006186]
[18.02.2022 17:56:20,2.8900,5339,2.8800,9390,2.8700,8892,2.8600,8989,2.8500,7050,2.9000,7470,2.9100,8339,2.9200,11399,2.9300,9907,2.94006186]
[18.02.2022 17:56:40,2.8900,5339,2.8800,9390,2.8700,8892,2.8600,8989,2.8500,7050,2.9000,7597,2.9100,8189,2.9200,11399,2.9300,9937,2.94006186]
[18.02.2022 17:56:40,2.8900,5339,2.8800,9390,2.8700,8892,2.8600,8989,2.8500,7050,2.9000,7597,2.9100,8189,2.9200,11399,2.9300,9937,2.94006186]
[18.02.2022 17:56:55,2.8900,7845,2.8800,8384,2.8700,8892,2.8600,8989,2.8500,6550,2.9000,6456,2.9100,7743,2.9200,11543,2.9300,9907,2.94006986]
[18.02.2022 17:57:46,2.8900,8700,2.8800,10679,2.8700,8542,2.8600,8989,2.8500,4850,2.9000,2310,2.9100,7538,2.9200,11743,2.9300,10907,2.94008986]
[18.02.2022 17:57:47,2.8900,8700,2.8800,11679,2.8700,8542,2.8600,8989,2.8500,4850,2.9000,2310,2.9100,7538,2.9200,11743,2.9300,10907,2.94008986]
[18.02.2022 17:57:47,2.8900,8700,2.8800,11679,2.8700,8542,2.8600,8989,2.8500,4850,2.9000,2300,2.9100,7538,2.9200,11743,2.9300,10907,2.94008986]
[18.02.2022 17:57:47,2.8900,8700,2.8800,11679,2.8700,8542,2.8600,8989,2.8500,4850,2.9000,2300,2.9100,7538,2.9200,11743,2.9300,10907,2.94008986]
[18.02.2022 17:59:11,2.8900,6329,2.8800,9415,2.8700,6508,2.8600,6855,2.8500,2816,2.9000,2242,2.9100,7504,2.9200,8335,2.9300,10873,2.94005952]
[18.02.2022 17:59:11,2.8900,6329,2.8800,9415,2.8700,6508,2.8600,6855,2.8500,2816,2.9000,2242,2.9100,7504,2.9200,8335,2.9300,10873,2.94005952]
[18.02.2022 17:59:11,2.8900,6329,2.8800,9415,2.8700,6508,2.8600,6855,2.8500,2816,2.9000,2242,2.9100,7504,2.9200,8335,2.9300,10873,2.94005952]
[18.02.2022 17:59:11,2.8900,6329,2.8800,9415,2.8700,6508,2.8600,6855,2.8500,2816,2.9000,2242,2.9100,7504,2.9200,8335,2.9300,10873,2.94005952]
[18.02.2022 17:59:12,2.8900,6229,2.8800,9315,2.8700,6408,2.8600,5855,2.8500,2816,2.9000,2168,2.9100,7504,2.9200,8335,2.9300,10873,2.94005952]
[18.02.2022 17:59:15,2.8900,6200,2.8800,9315,2.8700,6408,2.8600,5855,2.8500,2816,2.9000,2139,2.9100,7504,2.9200,8335,2.9300,10873,2.94005952]
[18.02.2022 17:59:22,2.8900,6200,2.8800,9315,2.8700,6408,2.8600,5855,2.8500,2816,2.9000,2039,2.9100,7504,2.9200,8335,2.9300,10873,2.94005952]
[18.02.2022 17:59:22,2.8900,6200,2.8800,9315,2.8700,6408,2.8600,5855,2.8500,2816,2.9000,2039,2.9100,7504,2.9200,8335,2.9300,10873,2.94005952]
[18.02.2022 17:59:22,2.8900,6200,2.8800,9315,2.8700,6408,2.8600,5855,2.8500,2816,2.9000,2039,2.9100,7504,2.9200,8335,2.9300,10873,2.94005952]
[18.02.2022 17:59:22,2.8900,6200,2.8800,9315,2.8700,6408,2.8600,5855,2.8500,2816,2.9000,2039,2.9100,7504,2.9200,8335,2.9300,10873,2.94005952]
[18.02.2022 17:59:23,2.8900,6200,2.8800,9315,2.8700,6408,2.8600,5855,2.8500,2816,2.9000,2039,2.9100,7504,2.9200,8335,2.9300,10873,2.94005952]
[18.02.2022 17:59:24,2.8900,6200,2.8800,9315,2.8700,6408,2.8600,5855,2.8500,2816,2.9000,1952,2.9100,7504,2.9200,8335,2.9300,10873,2.94005952]
[18.02.2022 17:59:24,2.8900,6200,2.8800,9315,2.8700,6408,2.8600,5855,2.8500,2816,2.9000,1952,2.9100,7504,2.9200,8335,2.9300,10873,2.94005952]
[18.02.2022 17:59:24,2.8900,6200,2.8800,9315,2.8700,6408,2.8600,5855,2.8500,2816,2.9000,1952,2.9100,7504,2.9200,8335,2.9300,10873,2.94005952]
[18.02.2022 17:59:24,2.8900,6200,2.8800,9315,2.8700,6408,2.8600,5855,2.8500,2816,2.9000,1878,2.9100,7504,2.9200,8335,2.9300,10873,2.94005952]
[18.02.2022 17:59:24,2.8900,6200,2.8800,9315,2.8700,6408,2.8600,5855,2.8500,2816,2.9000,1876,2.9100,7504,2.9200,8335,2.9300,10873,2.94005952]
[18.02.2022 17:59:24,2.8900,6200,2.8800,9315,2.8700,6408,2.8600,5855,2.8500,2816,2.9000,1876,2.9100,7504,2.9200,8335,2.9300,10873,2.94005952]
[18.02.2022 17:59:27,2.8900,6100,2.8800,9352,2.8700,6356,2.8600,5780,2.8500,2756,2.9000,1840,2.9100,7451,2.9200,8273,2.9300,10821,2.94005877]
[18.02.2022 17:59:27,2.8900,6100,2.8800,9352,2.8700,6356,2.8600,5780,2.8500,2756,2.9000,1835,2.9100,7451,2.9200,8273,2.9300,10821,2.94005877]
[18.02.2022 17:59:28,2.8900,6100,2.8800,9352,2.8700,6356,2.8600,5780,2.8500,2756,2.9000,1821,2.9100,7451,2.9200,8273,2.9300,10821,2.94005877]
[18.02.2022 17:59:29,2.8900,6100,2.8800,9352,2.8700,6356,2.8600,5780,2.8500,2756,2.9000,1820,2.9100,7451,2.9200,8273,2.9300,10821,2.94005877]
[18.02.2022 17:59:29,2.8900,6100,2.8800,9352,2.8700,6356,2.8600,5780,2.8500,2756,2.9000,1820,2.9100,7451,2.9200,8273,2.9300,10821,2.94005877]
[18.02.2022 17:59:29,2.8900,6100,2.8800,9352,2.8700,6356,2.8600,5780,2.8500,2756,2.9000,1820,2.9100,7451,2.9200,8273,2.9300,10821,2.94005877]
[18.02.2022 17:59:30,2.8900,6090,2.8800,9352,2.8700,6356,2.8600,5780,2.8500,2756,2.9000,1774,2.9100,7441,2.9200,8273,2.9300,10821,2.94005877]
[18.02.2022 17:59:31,2.8900,6090,2.8800,9352,2.8700,6356,2.8600,5780,2.8500,2756,2.9000,1769,2.9100,7441,2.9200,8273,2.9300,10821,2.94005877]
[18.02.2022 17:59:31,2.8900,6090,2.8800,9352,2.8700,6356,2.8600,5780,2.8500,2756,2.9000,1769,2.9100,7441,2.9200,8273,2.9300,10821,2.94005877]
[18.02.2022 17:59:31,2.8900,6090,2.8800,9352,2.8700,6356,2.8600,5780,2.8500,2756,2.9000,1769,2.9100,7441,2.9200,8273,2.9300,10821,2.94005877]
[18.02.2022 17:59:31,2.8900,6090,2.8800,9352,2.8700,6356,2.8600,5780,2.8500,2756,2.9000,1769,2.9100,7441,2.9200,8273,2.9300,10821,2.94005877]
[18.02.2022 17:59:31,2.8900,6090,2.8800,9352,2.8700,6356,2.8600,5780,2.8500,2756,2.9000,1769,2.9100,7441,2.9200,8273,2.9300,10821,2.94005877]
[18.02.2022 17:59:31,2.8900,6090,2.8800,9352,2.8700,6356,2.8600,5780,2.8500,2756,2.9000,1620,2.9100,7441,2.9200,8273,2.9300,10821,2.94005877]
[18.02.2022 17:59:33,2.8900,6090,2.8800,9352,2.8700,6356,2.8600,5780,2.8500,2756,2.9000,1620,2.9100,7441,2.9200,8273,2.9300,10821,2.94005877]
[18.02.2022 17:59:33,2.8900,6090,2.8800,9352,2.8700,6356,2.8600,5780,2.8500,2756,2.9000,1620,2.9100,7441,2.9200,8273,2.9300,10821,2.94005877]
[18.02.2022 17:59:35,2.8900,6090,2.8800,9352,2.8700,6356,2.8600,5780,2.8500,2756,2.9000,1594,2.9100,7441,2.9200,8273,2.9300,10821,2.94005877]
[18.02.2022 17:59:35,2.8900,6090,2.8800,9352,2.8700,6356,2.8600,5780,2.8500,2756,2.9000,1594,2.9100,7441,2.9200,8273,2.9300,10821,2.94005877]
[18.02.2022 17:59:35,2.8900,6090,2.8800,9352,2.8700,6356,2.8600,5780,2.8500,2756,2.9000,1594,2.9100,7441,2.9200,8273,2.9300,10821,2.94005877]
[18.02.2022 17:59:35,2.8900,6090,2.8800,9352,2.8700,6356,2.8600,5780,2.8500,2756,2.9000,1594,2.9100,7441,2.9200,8273,2.9300,10821,2.94005877]
[18.02.2022 17:59:35,2.8900,6090,2.8800,9352,2.8700,6356,2.8600,5780,2.8500,2756,2.9000,1594,2.9100,7441,2.9200,8273,2.9300,10821,2.94005877]
[18.02.2022 17:59:35,2.8900,6090,2.8800,9352,2.8700,6356,2.8600,5780,2.8500,2756,2.9000,1594,2.9100,7441,2.9200,8273,2.9300,10821,2.94005877]
[18.02.2022 17:59:35,2.8900,6090,2.8800,9352,2.8700,6356,2.8600,5780,2.8500,2756,2.9000,1594,2.9100,7441,2.9200,8273,2.9300,10821,2.94005877]
[18.02.2022 17:59:37,2.8900,6090,2.8800,9352,2.8700,6356,2.8600,5780,2.8500,2756,2.9000,1579,2.9100,7441,2.9200,8273,2.9300,10821,2.94005877]
[18.02.2022 17:59:37,2.8900,6090,2.8800,9352,2.8700,6356,2.8600,5780,2.8500,2756,2.9000,1579,2.9100,7441,2.9200,8273,2.9300,10821,2.94005877]
[18.02.2022 17:59:37,2.8900,6090,2.8800,9352,2.8700,6356,2.8600,5780,2.8500,2756,2.9000,1569,2.9100,7441,2.9200,8273,2.9300,10821,2.94005877]
[18.02.2022 17:59:39,2.8900,6090,2.8800,9352,2.8700,6356,2.8600,5780,2.8500,2756,2.9000,1566,2.9100,7441,2.9200,8273,2.9300,10821,2.94005877]
[18.02.2022 17:59:39,2.8900,6090,2.8800,9352,2.8700,6356,2.8600,5780,2.8500,2756,2.9000,1566,2.9100,7441,2.9200,8273,2.9300,10821,2.94005877]
[18.02.2022 17:59:39,2.8900,6090,2.8800,9352,2.8700,6356,2.8600,5780,2.8500,2756,2.9000,1542,2.9100,7441,2.9200,8273,2.9300,10821,2.94005877]
[18.02.2022 17:59:39,2.8900,6090,2.8800,9352,2.8700,6356,2.8600,5780,2.8500,2756,2.9000,1531,2.9100,7441,2.9200,8273,2.9300,10821,2.94005877]
[18.02.2022 17:59:39,2.8900,6090,2.8800,9352,2.8700,6356,2.8600,5780,2.8500,2756,2.9000,1531,2.9100,7441,2.9200,8273,2.9300,10821,2.94005877]
[18.02.2022 17:59:39,2.8900,6090,2.8800,9352,2.8700,6356,2.8600,5780,2.8500,2756,2.9000,1527,2.9100,7441,2.9200,8273,2.9300,10821,2.94005877]
[18.02.2022 17:59:39,2.8900,6090,2.8800,9352,2.8700,6356,2.8600,5780,2.8500,2756,2.9000,1525,2.9100,7441,2.9200,8273,2.9300,10821,2.94005877]
[18.02.2022 17:59:39,2.8900,6090,2.8800,9352,2.8700,6356,2.8600,5780,2.8500,2756,2.9000,1525,2.9100,7441,2.9200,8273,2.9300,10821,2.94005877]
[18.02.2022 17:59:39,2.8900,5777,2.8800,9352,2.8700,6356,2.8600,5780,2.8500,2756,2.9000,1373,2.9100,7240,2.9200,8273,2.9300,10821,2.94005877]
[18.02.2022 17:59:39,2.8900,5777,2.8800,9352,2.8700,6356,2.8600,5780,2.8500,2756,2.9000,1373,2.9100,7240,2.9200,8273,2.9300,10821,2.94005877]
[18.02.2022 17:59:41,2.8900,5777,2.8800,9352,2.8700,6356,2.8600,5780,2.8500,2756,2.9000,2839,2.9100,7240,2.9200,8273,2.9300,10821,2.94004377]
[18.02.2022 17:59:41,2.8900,5777,2.8800,9352,2.8700,6356,2.8600,5780,2.8500,2756,2.9000,2839,2.9100,7240,2.9200,8273,2.9300,10821,2.94004377]
[18.02.2022 17:59:41,2.8900,5777,2.8800,9352,2.8700,6356,2.8600,5780,2.8500,2756,2.9000,2836,2.9100,7240,2.9200,8273,2.9300,10821,2.94004377]
[18.02.2022 17:59:41,2.8900,5777,2.8800,9352,2.8700,6356,2.8600,5780,2.8500,2756,2.9000,2836,2.9100,7240,2.9200,8273,2.9300,10821,2.94004377]
[18.02.2022 17:59:41,2.8900,5777,2.8800,9352,2.8700,6356,2.8600,5780,2.8500,2756,2.9000,2834,2.9100,7240,2.9200,8273,2.9300,10821,2.94004377]
[18.02.2022 17:59:41,2.8900,5777,2.8800,9352,2.8700,6356,2.8600,5780,2.8500,2756,2.9000,2833,2.9100,7240,2.9200,8273,2.9300,10821,2.94004377]
[18.02.2022 17:59:41,2.8900,5777,2.8800,9352,2.8700,6356,2.8600,5780,2.8500,2756,2.9000,2833,2.9100,7240,2.9200,8273,2.9300,10821,2.94004377]
[18.02.2022 17:59:42,2.8900,5777,2.8800,9352,2.8700,6356,2.8600,5780,2.8500,2756,2.9000,2805,2.9100,7240,2.9200,8273,2.9300,10821,2.94004377]
[18.02.2022 17:59:42,2.8900,5777,2.8800,9352,2.8700,6356,2.8600,5780,2.8500,2756,2.9000,2804,2.9100,7240,2.9200,8273,2.9300,10821,2.94004377]
[18.02.2022 17:59:43,2.8900,5777,2.8800,9352,2.8700,6356,2.8600,5780,2.8500,2756,2.9000,2801,2.9100,7240,2.9200,8273,2.9300,10821,2.94004377]
[18.02.2022 17:59:44,2.8900,5777,2.8800,9352,2.8700,6356,2.8600,5780,2.8500,2756,2.9000,2795,2.9100,7240,2.9200,8273,2.9300,10821,2.94004377]
[18.02.2022 17:59:44,2.8900,5777,2.8800,9352,2.8700,6356,2.8600,5780,2.8500,2756,2.9000,2795,2.9100,7240,2.9200,8273,2.9300,10821,2.94004377]
[18.02.2022 17:59:48,2.8900,5777,2.8800,9352,2.8700,6356,2.8600,5780,2.8500,2756,2.9000,2768,2.9100,7240,2.9200,8273,2.9300,10821,2.94004377]
[18.02.2022 17:59:48,2.8900,5777,2.8800,9352,2.8700,6356,2.8600,5780,2.8500,2756,2.9000,2768,2.9100,7240,2.9200,8273,2.9300,10821,2.94004377]
[18.02.2022 17:59:48,2.8900,5777,2.8800,9352,2.8700,6356,2.8600,5780,2.8500,2756,2.9000,2768,2.9100,7240,2.9200,8273,2.9300,10821,2.94004377]
[18.02.2022 17:59:48,2.8900,5777,2.8800,9352,2.8700,6356,2.8600,5780,2.8500,2756,2.9000,2768,2.9100,7240,2.9200,8273,2.9300,10821,2.94004377]
[18.02.2022 17:59:53,2.8900,5777,2.8800,9352,2.8700,6356,2.8600,5780,2.8500,2756,2.9000,1241,2.9100,7240,2.9200,8273,2.9300,10821,2.94005877]
[18.02.2022 17:59:53,2.8900,5777,2.8800,9352,2.8700,6356,2.8600,5780,2.8500,2756,2.9000,1141,2.9100,7240,2.9200,8273,2.9300,10821,2.94005877]
[18.02.2022 17:59:55,2.8900,4777,2.8800,9301,2.8700,5651,2.8600,5516,2.8500,2731,2.9000,1614,2.9100,6240,2.9200,7273,2.9300,9821,2.94003377]
[18.02.2022 17:59:55,2.8900,4777,2.8800,9301,2.8700,5651,2.8600,5516,2.8500,2731,2.9000,1614,2.9100,6240,2.9200,7273,2.9300,9821,2.94003377]
[18.02.2022 17:59:55,2.8900,4777,2.8800,9301,2.8700,5651,2.8600,5516,2.8500,2731,2.9000,1614,2.9100,6240,2.9200,7273,2.9300,9821,2.94003377]
[18.02.2022 17:59:56,2.8900,4777,2.8800,9301,2.8700,5651,2.8600,5516,2.8500,2731,2.9000,1588,2.9100,6240,2.9200,7273,2.9300,9821,2.94003377]
[18.02.2022 17:59:56,2.8900,4777,2.8800,9301,2.8700,5651,2.8600,5516,2.8500,2731,2.9000,1588,2.9100,6240,2.9200,7273,2.9300,9821,2.94003377]
[18.02.2022 17:59:58,2.8900,4277,2.8800,8801,2.8700,5151,2.8600,5016,2.8500,2731,2.9000,1555,2.9100,5740,2.9200,6773,2.9300,9321,2.94002877]
[18.02.2022 17:59:58,2.8900,4277,2.8800,8801,2.8700,5151,2.8600,5016,2.8500,2731,2.9000,1555,2.9100,5740,2.9200,6773,2.9300,9321,2.94002877]
[18.02.2022 17:59:58,2.8900,4277,2.8800,8801,2.8700,5151,2.8600,5016,2.8500,2731,2.9000,1555,2.9100,5740,2.9200,6773,2.9300,9321,2.94002877]
[18.02.2022 17:59:58,2.8900,3277,2.8800,8802,2.8700,5151,2.8600,5016,2.8500,2731,2.9000,1417,2.9100,4740,2.9200,5773,2.9300,8321,2.94001877]
[18.02.2022 18:00:01,2.8900,2509,2.8800,6422,2.8700,2901,2.8600,2786,2.8500,1201,2.9100,1284,2.9200,2473,2.9300,5021,2.9400,1077,2.950050]
[18.02.2022 18:00:01,2.8900,2509,2.8800,6422,2.8700,2901,2.8600,2786,2.8500,1201,2.9100,1284,2.9200,2473,2.9300,5021,2.9400,1077,2.950050]
[18.02.2022 18:00:01,2.8900,2509,2.8800,6422,2.8700,2901,2.8600,2786,2.8500,1201,2.9100,1257,2.9200,2473,2.9300,5021,2.9400,1077,2.950050]
[18.02.2022 18:00:01,2.8900,2509,2.8800,6422,2.8700,2901,2.8600,2786,2.8500,1201,2.9100,1257,2.9200,2473,2.9300,5021,2.9400,1077,2.950050]
[18.02.2022 18:00:31,2.9000,145,2.8900,2464,2.8800,6622,2.8700,2901,2.8600,2786,2.9100,1096,2.9200,2473,2.9300,5021,2.9400,1077,2.950050]
[18.02.2022 18:01:04,2.9000,145,2.8900,2464,2.8800,6622,2.8700,2901,2.8600,2786,2.9100,1706,2.9200,2473,2.9300,5021,2.9400,1077,2.950050]
[18.02.2022 18:01:27,2.9000,145,2.8900,2564,2.8800,6522,2.8700,2901,2.8600,2786,2.9100,1779,2.9200,2473,2.9300,5021,2.9400,1077,2.950050]
[18.02.2022 18:01:29,2.9000,135,2.8900,2564,2.8800,6522,2.8700,2901,2.8600,2786,2.9100,1779,2.9200,2473,2.9300,5021,2.9400,1077,2.950050]
[18.02.2022 18:01:32,2.9000,134,2.8900,2564,2.8800,6522,2.8700,2901,2.8600,2786,2.9100,1779,2.9200,2473,2.9300,5021,2.9400,1077,2.950050]
[18.02.2022 18:01:32,2.9000,133,2.8900,2564,2.8800,6522,2.8700,2901,2.8600,2786,2.9100,1779,2.9200,2473,2.9300,5021,2.9400,1077,2.950050]
[18.02.2022 18:01:33,2.9000,133,2.8900,2564,2.8800,6522,2.8700,2901,2.8600,2786,2.9100,1779,2.9200,2473,2.9300,5021,2.9400,1077,2.950050]
[18.02.2022 18:01:40,2.9000,132,2.8900,2564,2.8800,6522,2.8700,2901,2.8600,2786,2.9100,1779,2.9200,2473,2.9300,5021,2.9400,1077,2.950050]
[18.02.2022 18:01:40,2.9000,130,2.8900,2564,2.8800,6522,2.8700,2901,2.8600,2786,2.9100,1779,2.9200,2473,2.9300,5021,2.9400,1077,2.950050]
[18.02.2022 18:01:42,2.9000,229,2.8900,2564,2.8800,6522,2.8700,2901,2.8600,2786,2.9100,1779,2.9200,2473,2.9300,5021,2.9400,1077,2.950050]
[18.02.2022 18:01:42,2.9000,228,2.8900,2564,2.8800,6522,2.8700,2901,2.8600,2786,2.9100,1779,2.9200,2473,2.9300,5021,2.9400,1077,2.950050]
[18.02.2022 18:01:47,2.9000,228,2.8900,2564,2.8800,6522,2.8700,2901,2.8600,2786,2.9100,1779,2.9200,2473,2.9300,5021,2.9400,1077,2.950050]
[18.02.2022 18:02:33,2.9000,227,2.8900,2564,2.8800,6522,2.8700,2901,2.8600,2786,2.9100,1779,2.9200,2473,2.9300,2021,2.9400,1077,2.950050]
[18.02.2022 18:02:33,2.9000,227,2.8900,2564,2.8800,6522,2.8700,2901,2.8600,2786,2.9100,1779,2.9200,2473,2.9300,2021,2.9400,1077,2.950050]
[18.02.2022 18:02:36,2.9000,227,2.8900,2564,2.8800,6522,2.8700,2901,2.8600,2786,2.9100,1725,2.9200,2473,2.9300,2021,2.9400,1077,2.950050]
[18.02.2022 18:02:36,2.9000,227,2.8900,2564,2.8800,6522,2.8700,2901,2.8600,2786,2.9100,1725,2.9200,2473,2.9300,2021,2.9400,1077,2.950050]
[18.02.2022 18:02:42,2.9000,227,2.8900,2564,2.8800,6522,2.8700,2901,2.8600,2786,2.9100,1672,2.9200,2473,2.9300,2021,2.9400,1077,2.950050]
[18.02.2022 18:02:49,2.9000,227,2.8900,2564,2.8800,6522,2.8700,2901,2.8600,2786,2.9100,1422,2.9200,2472,2.9300,2021,2.9400,1078,2.950050]
[18.02.2022 18:02:49,2.9000,227,2.8900,2564,2.8800,6522,2.8700,2901,2.8600,2786,2.9100,1422,2.9200,2472,2.9300,2021,2.9400,1078,2.950050]
[18.02.2022 18:02:49,2.9000,227,2.8900,2564,2.8800,6522,2.8700,2901,2.8600,2786,2.9100,1369,2.9200,2472,2.9300,2021,2.9400,1078,2.950050]
[18.02.2022 18:02:49,2.9000,227,2.8900,2564,2.8800,6522,2.8700,2901,2.8600,2786,2.9100,1369,2.9200,2472,2.9300,2021,2.9400,1078,2.950050]
[18.02.2022 18:02:49,2.9000,227,2.8900,2564,2.8800,6522,2.8700,2901,2.8600,2786,2.9100,1369,2.9200,2472,2.9300,2021,2.9400,1078,2.950050]
[18.02.2022 18:02:57,2.9000,244,2.8900,2564,2.8800,6522,2.8700,2901,2.8600,2786,2.9100,1289,2.9200,2472,2.9300,2021,2.9400,1078,2.950050]
[18.02.2022 18:03:04,2.9000,303,2.8900,2505,2.8800,6422,2.8700,2901,2.8600,2786,2.9100,1262,2.9200,2472,2.9300,2021,2.9400,1078,2.950050]
[18.02.2022 18:03:05,2.9000,303,2.8900,2505,2.8800,6422,2.8700,2901,2.8600,2786,2.9100,1062,2.9200,2472,2.9300,2021,2.9400,1078,2.950050]
[18.02.2022 18:03:14,2.9000,303,2.8900,2505,2.8800,6422,2.8700,2901,2.8600,2786,2.9100,1062,2.9200,2472,2.9300,2021,2.9400,1078,2.950050]
[18.02.2022 18:03:59,2.9000,403,2.8900,2505,2.8800,6422,2.8700,2901,2.8600,2786,2.9100,1035,2.9200,2472,2.9300,2021,2.9400,1078,2.950050]
[18.02.2022 18:03:59,2.9000,403,2.8900,2505,2.8800,6422,2.8700,2901,2.8600,2786,2.9100,1035,2.9200,2472,2.9300,2021,2.9400,1078,2.950050]
[18.02.2022 18:03:59,2.9000,403,2.8900,2505,2.8800,6422,2.8700,2901,2.8600,2786,2.9100,1035,2.9200,2472,2.9300,2021,2.9400,1078,2.950050]
[18.02.2022 18:04:48,2.9000,244,2.8900,2505,2.8800,6422,2.8700,2901,2.8600,2786,2.9100,877,2.9200,2472,2.9300,2021,2.9400,1078,2.950050]
[18.02.2022 18:04:48,2.9000,244,2.8900,2505,2.8800,6422,2.8700,2901,2.8600,2786,2.9100,877,2.9200,2472,2.9300,2021,2.9400,1078,2.950050]
[18.02.2022 18:04:48,2.9000,244,2.8900,2505,2.8800,6422,2.8700,2901,2.8600,2786,2.9100,877,2.9200,2472,2.9300,2021,2.9400,1078,2.950050]
[18.02.2022 18:04:48,2.9000,244,2.8900,2505,2.8800,6422,2.8700,2901,2.8600,2786,2.9100,827,2.9200,2472,2.9300,2021,2.9400,1078,2.950050]
[18.02.2022 18:05:01,2.9000,244,2.8900,2505,2.8800,6422,2.8700,2901,2.8600,2786,2.9100,427,2.9200,2472,2.9300,2021,2.9400,1078,2.950050]
[18.02.2022 18:05:01,2.9000,244,2.8900,2505,2.8800,6422,2.8700,2901,2.8600,2786,2.9100,427,2.9200,2472,2.9300,2021,2.9400,1078,2.950050]
[18.02.2022 18:05:01,2.9000,244,2.8900,2505,2.8800,6422,2.8700,2901,2.8600,2786,2.9100,427,2.9200,2472,2.9300,2021,2.9400,1078,2.950050]
[18.02.2022 18:05:01,2.9000,244,2.8900,2505,2.8800,6422,2.8700,2901,2.8600,2786,2.9100,427,2.9200,2472,2.9300,2021,2.9400,1078,2.950050]
[18.02.2022 18:05:01,2.9000,244,2.8900,2505,2.8800,6422,2.8700,2901,2.8600,2786,2.9100,427,2.9200,2472,2.9300,2021,2.9400,1078,2.950050]
[18.02.2022 18:05:01,2.9000,244,2.8900,2505,2.8800,6422,2.8700,2901,2.8600,2786,2.9100,427,2.9200,2472,2.9300,2021,2.9400,1078,2.950050]
[18.02.2022 18:05:17,2.9000,589,2.8900,2535,2.8800,6452,2.8700,2901,2.8600,2786,2.9100,427,2.9200,2472,2.9300,2021,2.9400,1078,2.950050]
[18.02.2022 18:06:14,2.9000,1197,2.8900,1935,2.8800,2452,2.8700,2901,2.8600,2786,2.9100,395,2.9200,2472,2.9300,2021,2.9400,1078,2.950050]
[18.02.2022 18:06:21,2.9000,1197,2.8900,1935,2.8800,2352,2.8700,2901,2.8600,2786,2.9100,395,2.9200,2472,2.9300,2021,2.9400,1078,2.950050]
[18.02.2022 18:06:27,2.9000,1197,2.8900,1935,2.8800,2352,2.8700,2901,2.8600,2786,2.9100,345,2.9200,2472,2.9300,2021,2.9400,1078,2.950050]
[18.02.2022 18:07:39,2.9000,1697,2.8900,1405,2.8800,2322,2.8700,2901,2.8600,2786,2.9100,514,2.9200,2427,2.9300,2021,2.9400,1078,2.950050]
[18.02.2022 18:07:57,2.9000,1697,2.8900,1405,2.8800,2322,2.8700,2901,2.8600,2783,2.9100,507,2.9200,2427,2.9300,2021,2.9400,1078,2.950050]
[18.02.2022 18:08:12,2.9000,1697,2.8900,1405,2.8800,2322,2.8700,2901,2.8600,2783,2.9100,507,2.9200,2427,2.9300,2021,2.9400,1078,2.950050]
[18.02.2022 18:08:15,2.9000,1697,2.8900,1405,2.8800,2322,2.8700,2901,2.8600,2783,2.9100,506,2.9200,2427,2.9300,2021,2.9400,1078,2.950050]
[18.02.2022 18:08:44,2.9000,1297,2.8900,1405,2.8800,2322,2.8700,2901,2.8600,2783,2.9100,376,2.9200,2427,2.9300,2021,2.9400,1078,2.950050]
[18.02.2022 18:08:44,2.9000,1297,2.8900,1405,2.8800,2322,2.8700,2901,2.8600,2783,2.9100,376,2.9200,2427,2.9300,2021,2.9400,1078,2.950050]
[18.02.2022 18:08:44,2.9000,1297,2.8900,1405,2.8800,2322,2.8700,2901,2.8600,2783,2.9100,376,2.9200,2427,2.9300,2021,2.9400,1078,2.950050]
[18.02.2022 18:08:44,2.9000,1297,2.8900,1405,2.8800,2322,2.8700,2901,2.8600,2783,2.9100,376,2.9200,2427,2.9300,2021,2.9400,1078,2.950050]
[18.02.2022 18:08:44,2.9000,1297,2.8900,1405,2.8800,2322,2.8700,2901,2.8600,2783,2.9100,376,2.9200,2427,2.9300,2021,2.9400,1078,2.950050]
[18.02.2022 18:08:44,2.9000,1297,2.8900,1405,2.8800,2322,2.8700,2901,2.8600,2783,2.9100,376,2.9200,2427,2.9300,2021,2.9400,1078,2.950050]
[18.02.2022 18:08:44,2.9000,1297,2.8900,1405,2.8800,2322,2.8700,2901,2.8600,2783,2.9100,376,2.9200,2427,2.9300,2021,2.9400,1078,2.950050]
[18.02.2022 18:08:44,2.9000,1297,2.8900,1405,2.8800,2322,2.8700,2901,2.8600,2783,2.9100,376,2.9200,2427,2.9300,2021,2.9400,1078,2.950050]
[18.02.2022 18:08:56,2.9000,1297,2.8900,1405,2.8800,2322,2.8700,2901,2.8600,2783,2.9100,376,2.9200,2427,2.9300,2021,2.9400,1078,2.950050]
[18.02.2022 18:08:56,2.9000,1297,2.8900,1405,2.8800,2322,2.8700,2901,2.8600,2783,2.9100,376,2.9200,2427,2.9300,2021,2.9400,1078,2.950050]
[18.02.2022 18:08:59,2.9000,1297,2.8900,1405,2.8800,2322,2.8700,2901,2.8600,2783,2.9100,322,2.9200,2427,2.9300,2021,2.9400,1078,2.950050]
[18.02.2022 18:09:05,2.9000,1397,2.8900,1405,2.8800,2322,2.8700,2901,2.8600,2783,2.9100,282,2.9200,2427,2.9300,2021,2.9400,1078,2.950050]
[18.02.2022 18:09:25,2.9000,1417,2.8900,1452,2.8800,2322,2.8700,2901,2.8600,2783,2.9100,282,2.9200,2427,2.9300,2021,2.9400,1078,2.950050]
[18.02.2022 18:09:25,2.9000,1417,2.8900,1452,2.8800,2322,2.8700,2901,2.8600,2783,2.9100,282,2.9200,2427,2.9300,2021,2.9400,1078,2.950050]
[18.02.2022 18:09:25,2.9000,1417,2.8900,1452,2.8800,2322,2.8700,2901,2.8600,2783,2.9100,282,2.9200,2427,2.9300,2021,2.9400,1078,2.950050]
[18.02.2022 18:09:41,2.9000,1317,2.8900,1452,2.8800,2322,2.8700,2901,2.8600,2783,2.9100,256,2.9200,2427,2.9300,2021,2.9400,1078,2.950050]
[18.02.2022 18:09:50,2.9000,1317,2.8900,1452,2.8800,2322,2.8700,2901,2.8600,2783,2.9100,156,2.9200,2427,2.9300,2021,2.9400,1078,2.950050]
[18.02.2022 18:09:51,2.9000,1317,2.8900,1452,2.8800,2322,2.8700,2901,2.8600,2783,2.9100,56,2.9200,2427,2.9300,2021,2.9400,1078,2.950050]
[18.02.2022 18:09:51,2.9000,1317,2.8900,1452,2.8800,2322,2.8700,2901,2.8600,2783,2.9100,11,2.9200,2427,2.9300,2021,2.9400,1078,2.950050]
[,]
